Size Operations Time(ns)
100 929 60400
199 2459 93400
1090 19955 892100
1189 21190 212100
1288 24556 166800
1387 25694 152800
1486 28468 221000
1585 31025 189100
1684 35293 292300
1783 34560 209500
1882 35216 258100
1981 39766 225500
298 3975 24700
2080 41304 256400
2179 46255 275700
2278 49366 296900
2377 51464 326200
2476 58737 346400
2575 58166 505000
2674 58150 383600
2773 64953 402500
2872 70576 419600
2971 66208 409900
397 5885 57300
3070 69333 444500
3169 71144 425500
3268 71417 425200
3367 73977 434400
3466 80897 445800
3565 80941 472100
3664 82003 461100
3763 82562 459000
3862 87444 789700
3961 87829 517800
496 7305 45400
4060 89316 1046800
4159 89626 1529100
4258 97373 1920800
4357 97194 1844800
4456 108020 2256500
4555 106524 1749800
4654 110954 1595300
4753 116510 1845700
4852 107498 1147900
4951 117354 331200
595 10702 31100
5050 119591 351100
5149 129680 361600
5248 119188 367700
5347 124756 398900
5446 127078 432600
5545 131990 432100
5644 134427 480800
5743 135123 493800
5842 140125 523800
5941 150141 551600
694 11212 51300
6040 142781 604500
6139 146724 643300
6238 153096 710100
6337 154014 709500
6436 147017 777900
6535 159115 781800
6634 171843 800600
6733 165322 793900
6832 162668 769900
6931 166798 909500
793 13925 74700
7030 175451 758300
7129 167737 751600
7228 189024 734000
7327 175054 734800
7426 183771 739700
7525 197416 765900
7624 192515 796800
7723 187541 859500
7822 204696 924000
7921 209731 920600
892 15135 75800
8020 202972 897400
8119 217335 873300
8218 201560 882000
8317 207721 867600
8416 213998 833000
8515 215240 867200
8614 226849 982500
8713 254644 977700
8812 233915 789400
8911 238908 810600
991 17472 71800
9010 244973 880000
9109 224573 947700
9208 241325 1069600
9307 235254 1124600
9406 264473 1140400
9505 237640 1127600
9604 244963 1149000
9703 254657 1132000
9802 251764 1090600
10000 256628 1084600
